Time        GDP Average money Average profit
0               0           17915               0
1            3100           17870             193
2            5360           17793             335
3            5261           17718             328
4            5167           17644             322
5            4119           17585             257
6            3970           17529             248
7            2675           17490             167
8            3285           17443             205
9            4267           17382             266
10            5418           17305             338
11            3721           17251             232
12            4292           17190             268
13            3619           17138             226
14            4247           17077             265
15            4278           17016             267
16            4007           16959             250
17            4528           16894             283
18            3190           16848             199
19            4766           16780             297
20            3578           16729             223
21            5550           16649             346
22            4309           16588             269
23            2948           16546             184
24            3376           16497             211
25            3306           16450             206
26            2897           16408             181
27            4621           16342             288
28            3380           16294             211
29            3048           16250             190
30            4631           16184             289
31            2847           16143             177
32            5536           16064             346
33            2761           16025             172
34            3248           15978             203
35            3506           15928             219
36            3514           15878             219
37            3138           15833             196
38            2655           15795             165
39            3811           15740             238
40            3163           15695             197
41            3574           15644             223
42            3900           15588             243
43            4044           15530             252
44            3653           15478             228
45            2621           15440             163
46            2579           15403             161
47            2219           15372             138
48            3105           15327             194
49            2715           15288             169
50            2242           15256             140
51            2703           15217             168
52            3455           15168             215
53            2910           15126             181
54            2644           15088             165
55            2688           15050             168
56            2472           15014             154
57            3352           14967             209
58            2656           14928             166
59            3182           14883             198
60            2440           14848             152
61            2654           14810             165
62            3313           14762             207
63            2924           14721             182
64            3604           14669             225
65            1742           14644             108
66            1550           14622              96
67            1866           14595             116
68            4252           14534             265
69            2236           14502             139
70            2031           14473             126
71            2458           14438             153
72            1938           14410             121
73            3191           14364             199
74            3456           14315             216
75            1901           14288             118
76            2584           14251             161
77            3499           14201             218
78            2167           14170             135
79            3597           14118             224
80            1747           14093             109
81            3398           14044             212
82            3441           13995             215
83            2638           13957             164
84            1555           13935              97
85            2698           13896             168
86            2621           13859             163
87            3066           13815             191
88            2012           13786             125
89            1733           13761             108
90            2102           13731             131
91            1925           13704             120
92            2288           13671             143
93            1811           13645             113
94            2363           13611             147
95            2378           13577             148
96            1767           13551             110
97            2013           13523             125
98            1683           13499             105
99            2445           13463             152
